#' H3 influenza epitope positions
#'
#' A list of epitope positions in H3 influenza hemagglutinin (HA).
#' @export
# fmt: skip
h3_epitope_positions <- list(
  koel = c(145, 155, 156, 158, 159, 189, 193),
  
  wolf = c(44L, 45L, 46L, 47L, 48L, 50L, 51L, 53L, 54L, 57L, 59L, 62L, 
63L, 67L, 75L, 78L, 80L, 81L, 82L, 83L, 86L, 87L, 88L, 91L, 92L, 
94L, 96L, 102L, 103L, 109L, 117L, 121L, 122L, 124L, 126L, 128L, 
129L, 130L, 131L, 132L, 133L, 135L, 137L, 138L, 140L, 142L, 143L, 
144L, 145L, 146L, 150L, 152L, 155L, 156L, 157L, 158L, 159L, 163L, 
165L, 167L, 168L, 170L, 171L, 172L, 173L, 174L, 175L, 176L, 177L, 
179L, 182L, 186L, 187L, 188L, 189L, 190L, 192L, 193L, 194L, 196L, 
197L, 198L, 201L, 203L, 207L, 208L, 209L, 212L, 213L, 214L, 215L, 
216L, 217L, 218L, 219L, 226L, 227L, 228L, 229L, 230L, 238L, 240L, 
242L, 244L, 246L, 247L, 248L, 260L, 261L, 262L, 265L, 273L, 275L, 
276L, 278L, 279L, 280L, 294L, 297L, 299L, 300L, 304L, 305L, 307L, 
308L, 309L, 310L, 311L, 312L),

  bushA = c(122L, 124L, 126L, 130L, 131L, 132L, 133L, 135L, 137L, 138L, 
140L, 142L, 143L, 144L, 145L, 146L, 150L, 152L, 168L),

  bushB = c(128L, 129L, 155L, 156L, 157L, 158L, 159L, 160L, 163L, 164L, 
165L, 186L, 187L, 188L, 189L, 190L, 192L, 193L, 194L, 196L, 197L, 
198L),

  bushC = c(44L, 45L, 46L, 47L, 48L, 50L, 51L, 53L, 54L, 273L, 275L, 276L, 
278L, 279L, 280L, 294L, 297L, 299L, 300L, 304L, 305L, 307L, 308L, 
309L, 310L, 311L, 312L),

  bushD = c(96L, 102L, 103L, 117L, 121L, 167L, 170L, 171L, 172L, 173L, 
174L, 175L, 176L, 177L, 179L, 182L, 201L, 203L, 207L, 208L, 209L, 
212L, 213L, 214L, 215L, 216L, 217L, 218L, 219L, 226L, 227L, 228L, 
229L, 230L, 238L, 240L, 242L, 244L, 246L, 247L, 248L),

  bushE = c(57L, 59L, 62L, 63L, 67L, 75L, 78L, 80L, 81L, 82L, 83L, 86L, 
87L, 88L, 91L, 92L, 94L, 109L, 260L, 261L, 262L, 265L)
)

#' H1 influenza epitope positions
#'
#' A list of epitope positions in H1 influenza hemagglutinin (HA).
#' @export
h1_epitope_positions <- list(
  # fmt: skip
  caton = c(70, 71, 72, 73, 74, 75, 124, 125, 137, 138, 139, 140, 141,
142, 153, 154, 155, 156, 157, 159, 160, 161, 162, 163, 164, 166,
167, 168, 169, 170, 184, 185, 186, 187, 188, 189, 190, 191, 192,
193, 194, 195, 203, 204, 205, 221, 222, 235, 236, 237)
)
